% Intrinsic and Extrinsic Camera Parameters
% For details regarding the calibration parameters visit http://www.vision.caltech.edu/bouguetj/calib_doc/


%-- Focal length:
fc = [ 6682.125964; 6681.475962 ];

%-- Principal point:
cc = [ 875.207200; 357.700292 ];
%-- Skew coefficient:
alpha_c = 0.000101;

%-- Distortion coefficients:
kc = [-0.106090; -0.533543; -0.005174; 0.000517; 0.000000];


% Extrinsic parameters:

n_ima = 8;
%-- Image #8:
omc_8 = [ 1.797318 ; 1.018771 ; -0.713289 ];
Tc_8 = [ -614.549000 ; 193.240700 ; 3242.754000 ];

%-- 3x4 projection matrix
proj_8 = [ 2567.28 6197.89 -641.912 -1.26828e+06; 1969.58 -1410.57 -6237.08 2.45107e+06; -0.803929 0.431864 -0.40889 3242.75];


%-- Image #9:
omc_9 = [ 1.984307 ; 0.249239 ; -0.212956 ];
Tc_9 = [ -567.247600 ; 346.455300 ; 2898.329000 ];

%-- 3x4 projection matrix
proj_9 = [ 6200.43 2569.78 -606.331 -1.25355e+06; 431.836 -2389.47 -6234.9 3.35157e+06; -0.261105 0.873764 -0.410318 2898.33];


%-- Image #10:
omc_10 = [ 1.931626 ; -0.527031 ; 0.296320 ];
Tc_10 = [ -263.584100 ; 431.463800 ; 2677.221000 ];

%-- 3x4 projection matrix
proj_10 = [ 6205.31 -2564.37 -578.728 582112; -1352.36 -1987.06 -6244.42 3.84046e+06; 0.43499 0.803169 -0.407068 2677.22];


%-- Image #11:
omc_11 = [ 1.641565 ; -1.269596 ; 0.789176 ];
Tc_11 = [ 117.899100 ; 398.050200 ; 2708.724000 ];

%-- 3x4 projection matrix
proj_11 = [ 2588.43 -6195.42 -577.539 3.15878e+06; -2327.98 -440.553 -6257.52 3.62847e+06; 0.877158 0.262681 -0.401985 2708.72];


%-- Image #12:
omc_12 = [ 1.108131 ; -1.934059 ; 1.235675 ];
Tc_12 = [ 354.515300 ; 267.068600 ; 2979.614000 ];

%-- 3x4 projection matrix
proj_12 = [ -2522.08 -6219.92 -607.012 4.97688e+06; -1932.83 1343.91 -6263.24 2.85022e+06; 0.809708 -0.430068 -0.399268 2979.61];


%-- Image #13:
omc_13 = [ 0.313241 ; -2.463311 ; 1.597598 ];
Tc_13 = [ 309.408300 ; 113.864100 ; 3333.888000 ];

%-- 3x4 projection matrix
proj_13 = [ -6177.54 -2616.6 -638.935 4.98542e+06; -396.547 2342.25 -6255.13 1.95331e+06; 0.270443 -0.87483 -0.401912 3333.89];


%-- Image #14:
omc_14 = [ 0.645857 ; 2.362690 ; -1.558559 ];
Tc_14 = [ 7.011027 ; 28.697870 ; 3557.027000 ];

%-- 3x4 projection matrix
proj_14 = [ -6215.23 2524.72 -643.056 3.16e+06; 1385.1 1943.4 -6250.98 1.46409e+06; -0.42766 -0.808901 -0.403469 3557.03];


%-- Image #15:
omc_15 = [ 1.352273 ; 1.749453 ; -1.174959 ];
Tc_15 = [ -374.388200 ; 60.032530 ; 3517.566000 ];

%-- 3x4 projection matrix
proj_15 = [ -2617.98 6177.77 -631.009 576930; 2368.11 417.169 -6244.05 1.65934e+06; -0.872964 -0.269778 -0.40639 3517.57];


