% Intrinsic and Extrinsic Camera Parameters
% For details regarding the calibration parameters visit http://www.vision.caltech.edu/bouguetj/calib_doc/


%-- Focal length:
fc = [ 6725.358153; 6726.395633 ];

%-- Principal point:
cc = [ 863.484338; 484.007336 ];
%-- Skew coefficient:
alpha_c = -0.000121;

%-- Distortion coefficients:
kc = [-0.125584; -0.083790; -0.003396; 0.000526; 0.000000];


% Extrinsic parameters:

n_ima = 8;
%-- Image #16:
omc_16 = [ 2.581877 ; -0.265611 ; 0.234720 ];
Tc_16 = [ -351.816800 ; 472.485900 ; 2979.523000 ];

%-- 3x4 projection matrix
proj_16 = [ 6682.28 -1149.71 37.2703 206292; -848.65 -5418.42 -3924.17 4.62024e+06; 0.217973 0.488453 -0.844927 2979.52];


%-- Image #17:
omc_17 = [ 2.341128 ; -1.262628 ; 0.511136 ];
Tc_17 = [ 26.818520 ; 541.923600 ; 2977.028000 ];

%-- 3x4 projection matrix
proj_17 = [ 3918.59 -5533.35 52.4813 2.75054e+06; -4392.35 -3222.8 -3974.86 5.0861e+06; 0.506772 0.194869 -0.839766 2977.03];


%-- Image #18:
omc_18 = [ 1.756712 ; -2.155569 ; 0.730768 ];
Tc_18 = [ 334.513300 ; 366.419500 ; 3123.185000 ];

%-- 3x4 projection matrix
proj_18 = [ -1120.68 -6687.31 1.42492 4.94624e+06; -5360.35 835.777 -4005.84 3.97633e+06; 0.502506 -0.213513 -0.837794 3123.18];


%-- Image #19:
omc_19 = [ 0.849388 ; -2.836796 ; 0.860349 ];
Tc_19 = [ 393.315700 ; 47.562780 ; 3335.981000 ];

%-- 3x4 projection matrix
proj_19 = [ -5515.44 -3943.76 -52.5819 5.52572e+06; -3197.27 4419.74 -3965.1 1.93457e+06; 0.206819 -0.496954 -0.842771 3335.98];


%-- Image #20:
omc_20 = [ 0.289137 ; 2.855276 ; -0.797589 ];
Tc_20 = [ 167.778600 ; -228.348900 ; 3481.859000 ];

%-- 3x4 projection matrix
proj_20 = [ -6689.36 1108 -30.0904 4.13509e+06; 851.037 5403.1 -3944.74 149280; -0.207145 -0.494209 -0.844303 3481.86];


%-- Image #21:
omc_21 = [ 1.283466 ; 2.389743 ; -0.612272 ];
Tc_21 = [ -210.314500 ; -299.662500 ; 3475.055000 ];

%-- 3x4 projection matrix
proj_21 = [ -3951.74 5509.97 -9.23009 1.58646e+06; 4399.26 3223.35 -3966.76 -333696; -0.50004 -0.203325 -0.841795 3475.05];


%-- Image #22:
omc_22 = [ 2.027379 ; 1.658599 ; -0.364534 ];
Tc_22 = [ -519.842200 ; -125.281900 ; 3329.170000 ];

%-- 3x4 projection matrix
proj_22 = [ 1084.43 6693.08 -52.2518 -621337; 5393.78 -843.196 -3959.15 768647; -0.497551 0.203042 -0.843337 3329.17];


%-- Image #23:
omc_23 = [ 2.469569 ; 0.748866 ; -0.072035 ];
Tc_23 = [ -580.869000 ; 192.849200 ; 3127.006000 ];

%-- 3x4 projection matrix
proj_23 = [ 5494.29 3973.43 -25.3165 -1.20659e+06; 3249.76 -4414.85 -3927.7 2.81067e+06; -0.203385 0.493157 -0.845831 3127.01];


